"","Sea","Area","Elevation","Sewer","Days","Flood","Distance","Logprice"
"Sea",1,-0.339,0.475,-0.05,-0.37,-0.552,-0.742,-0.044
"Area",-0.339,1,-0.209,0.053,-0.349,0.109,0.557,-0.22
"Elevation",0.475,-0.209,1,-0.359,-0.057,-0.373,-0.362,0.433
"Sewer",-0.05,0.053,-0.359,1,-0.151,-0.113,-0.159,-0.468
"Days",-0.37,-0.349,-0.057,-0.151,1,0.015,0.044,0.62
"Flood",-0.552,0.109,-0.373,-0.113,0.015,1,0.423,-0.407
"Distance",-0.742,0.557,-0.362,-0.159,0.044,0.423,1,0.066
"Logprice",-0.044,-0.22,0.433,-0.468,0.62,-0.407,0.066,1
